4 6 1691 6663 11741 6321 8267 3800 
4 10 4666 9248 11966 1391 3052 5737 2178 2368 7723 8267 
1 3 4666 12040 12043 
4 4 3800 5399 3285 6697 
3 6 3285 959 8905 8747 7322 850 
2 8 8905 11646 5118 5431 6033 227 6090 5845 
2 4 5845 1729 6695 6181 
2 4 6181 2836 7347 5755 
2 3 2836 8842 7847 
1 2 1691 2181 
2 3 2181 4626 1729 
3 7 2181 7316 4744 7167 326 5310 1172 
1 5 1172 12030 2675 7147 4129 
1 6 4129 350 5376 11855 6426 762 
1 5 4744 6578 5871 3433 6426 
1 3 326 9188 5376 
4 6 2178 7359 11840 7479 7017 4744 
4 6 4579 1933 3356 5985 2511 6697 
1 5 1172 8464 12042 1705 12043 
4 4 3800 2230 6802 4579 
4 8 1933 2690 31 243 9013 99 6066 6972 
4 4 4666 1425 3630 6972 
3 6 3028 6872 12104 4524 12050 3630 
2 27 6872 5726 3620 8742 1018 1489 8844 7766 3064 8766 12169 9529 5169 7229 12171 12172 6679 6984 12173 7601 12166 2394 6696 3836 11920 6616 9136 
3 17 6872 2056 12167 2964 5681 7361 12165 4821 3700 12205 1521 9577 2536 4042 12204 4540 1588 
3 5 4524 12090 12139 1421 3620 
4 13 2511 6179 3313 9451 6631 5101 11944 3530 7100 8132 1845 7682 8742 
3 2 12194 12165 
2 11 1015 3458 11039 7663 327 739 11111 5267 2075 336 3353 
3 4 12223 7113 7024 12205 
2 4 4042 7412 8816 698 
1 10 4042 5232 3731 12041 840 3147 5415 1491 9405 11850 
2 6 1491 4432 11869 11859 5755 6426 
2 17 11850 1148 1339 5451 9567 5770 5058 4285 3848 6202 3903 1245 6378 5660 4416 495 336 
2 3 3848 4926 7847 
2 4 7847 11464 3919 6202 
2 17 11664 7035 5458 5677 114 11652 7685 12276 1011 9476 4023 3778 8104 126 11661 11669 485 
2 4 485 8396 5849 9567 
1 4 3848 11548 11550 5508 
1 8 485 11644 11622 4498 5508 2173 7543 6202 
2 12 8396 781 9146 38 11846 3625 3383 8923 4475 3511 12045 12041 
1 3 3383 3822 1491 
2 6 3511 880 3505 7777 588 1588 
1 8 3903 5794 2871 2329 11226 11194 2187 11111 
1 6 3731 4055 2476 8351 7995 4821 
1 8 7995 367 570 5009 4797 12141 1877 7361 
1 9 7847 6136 9496 8202 11509 11513 2362 11595 6090 
1 6 9496 2196 11459 1493 1169 11464 
1 11 6202 11394 6242 6266 1545 7495 11395 11391 3591 7577 2362 
1 14 1588 5861 12203 6722 1129 12181 595 3679 7085 1017 5747 1165 7343 3511 
1 7 3679 7530 7334 3733 3747 3265 1165 
1 7 7685 6320 8386 800 1961 864 3006 
1 7 6202 6330 9280 11385 1137 2506 3006 
1 13 7685 8605 1388 11717 3956 11777 6824 4031 8880 2756 9060 3011 2292 
1 3 2292 6284 3733 
1 7 3679 793 12082 12062 4351 5086 3011 
1 6 11777 3956 11788 7565 2860 11793 
1 3 6824 3377 6207 
1 5 1137 9104 5784 2329 2871 
1 7 3006 11330 4594 8034 2972 11284 5784 
1 10 4594 11295 11266 11272 630 11271 6386 11247 8258 6938 
1 4 11247 11215 1805 11151 
1 6 6938 11255 7534 11252 3451 3552 
1 2 11194 4416 
1 8 4416 6971 11207 5335 11316 11341 2467 11394 
1 2 11279 5335 
1 3 11279 11320 1545 
1 4 11320 11279 11249 3061 
1 5 11207 6971 4683 11097 3061 
1 3 4683 2716 336 
1 3 6695 11583 6136 
1 8 11391 4768 2296 11450 4400 9272 11563 5118 
1 6 3591 2113 6551 1946 3657 5431 
1 2 11563 3657 
1 3 1946 7474 2362 
2 5 11563 7633 8879 3838 9272 
2 11 2296 6586 5446 4781 11408 11453 7611 2615 11517 5976 8879 
2 5 8879 3838 9356 2091 5446 
2 3 8905 4700 7633 
2 5 4700 11593 2766 887 8747 
1 4 887 3246 2295 7322 
1 4 2615 11525 8518 3246 
1 4 11525 1408 11591 850 
1 6 11408 8212 8157 436 2663 1408 
1 2 2113 11450 
1 9 3061 3624 2474 3654 1080 370 7954 1312 11320 
1 3 1312 9562 11391 
1 6 370 2086 9241 973 6983 9562 
1 5 6983 11321 3128 11376 2296 
1 4 9241 9576 3115 3128 
1 6 2474 6050 7126 6223 5823 9576 
1 19 850 4866 3023 1863 9335 11774 11814 7168 856 4191 11935 11982 6332 7337 584 1329 12110 12142 8766 
1 29 11774 2079 11746 3025 11695 3154 9580 7158 1396 581 5857 6680 5139 11690 3805 11738 3936 11779 74 9554 7411 639 7997 11813 11818 541 11801 3039 9136 
1 15 6332 5272 2220 384 8582 1601 12068 7428 12071 8419 12092 4481 6142 6097 12172 
1 4 12071 979 12135 5169 
1 5 1601 5887 8407 3504 8766 
1 3 8766 7134 8564 
1 4 9529 12198 12210 12226 
1 5 12071 5884 12008 3198 1841 
1 10 74 2256 4887 11810 5780 5247 7496 3209 6114 3198 
1 7 1601 7979 11987 7181 1480 11904 1841 
1 7 11935 8511 3641 11951 11931 5896 1480 
1 8 11814 5713 7787 2318 542 5305 6592 7496 
1 4 5305 11740 11737 3154 
1 10 12008 4281 2448 5708 859 7527 666 3059 4467 4481 
1 9 4467 7550 4810 7590 5942 1632 7000 6581 2394 
1 9 7527 12002 4884 11947 8446 6915 8045 11849 74 
1 11 11947 2775 5477 11954 11950 6892 11948 7874 3518 1314 11920 
1 6 1632 8720 12029 4003 5897 11948 
1 4 3442 5948 4471 7168 
1 4 7874 11915 223 11818 
1 10 6680 5139 2963 4343 11626 3999 3221 11631 11615 4927 
1 10 8157 11386 654 5499 11406 7669 9308 5926 7974 11591 
1 4 1408 125 4025 7974 
1 4 654 8010 512 1923 
1 3 1493 5862 1545 
1 7 1129 3721 5466 12209 12202 3262 1435 
1 7 9382 2542 4660 7931 374 1311 8702 
1 3 8185 12261 374 
1 7 1129 5678 3633 1771 6477 4913 224 
1 6 2476 7691 3751 4851 7044 11859 
1 3 2675 1324 9188 
1 9 9576 3115 7838 4222 2699 9185 5607 11371 6586 
1 7 7126 4428 5402 5888 11065 161 2474 
1 3 5446 3533 9185 
1 7 3048 3533 2455 9473 11368 1800 4781 
1 5 8157 1559 2133 3859 2455 
1 4 2133 1683 3150 654 
1 4 6223 2065 11201 4222 
1 6 2065 318 105 6173 2364 5888 
1 6 6173 11066 6408 8781 572 11201 
1 9 572 5716 11183 6499 8995 9014 9425 330 2455 
1 3 11183 11211 3533 
1 10 9014 1628 7679 8384 498 11187 6585 6256 11286 2133 
1 5 6408 3166 3764 11146 6499 
1 3 3764 3736 1536 
1 7 6408 11066 5439 8243 7612 4730 3736 
1 6 4730 11006 1796 5852 8462 8384 
1 3 3764 1306 7679 
1 4 5852 2750 11090 1306 
1 4 3150 3136 6138 2864 
1 11 3150 3260 11221 2991 4868 6910 168 8069 3914 10994 754 
1 2 168 8462 
1 7 754 10952 8230 4477 10957 6208 5439 
1 13 6208 4527 10959 952 4130 2791 10956 3063 8239 4264 4176 4204 3353 
1 2 11111 2755 
1 21 8193 10965 5403 5460 1660 7726 6648 612 2246 2586 10898 5792 399 4403 7824 2028 1109 236 11062 6766 3714 
1 4 8239 7001 8827 4302 
1 7 4176 10885 1457 1912 9096 8262 8827 
1 10 4204 468 2885 8037 7372 8558 7744 6794 2903 8262 
1 3 2885 10884 10885 
1 8 1660 10851 5548 10826 1509 1167 10823 7372 
1 6 5548 8228 258 7510 8007 6103 
1 4 258 4066 1390 4486 
1 4 2246 8796 4520 4486 
1 5 7510 3742 1132 10722 7744 
1 3 1509 8920 3742 
1 3 2898 9053 754 
1 4 3260 1299 9305 11251 
1 5 9305 11153 980 2224 6692 
1 3 8069 11047 6692 
1 4 6910 343 11087 2224 
1 4 6692 4147 11056 9376 
1 19 9376 11072 8824 4375 1752 4679 7489 11038 4648 6757 4903 11013 5978 914 1820 6365 3851 9442 8633 
1 3 8633 7802 592 
1 6 11013 11034 1242 8994 6215 3212 
1 7 11013 1620 9545 4273 379 10897 10869 
1 4 4648 417 4041 6502 
1 5 10869 5436 7851 4194 10773 
1 8 10897 4616 10909 4395 10894 6996 9213 5553 
1 6 10897 2603 2053 8469 10891 4874 
1 30 10773 10756 8247 3194 1763 10653 10664 1823 8183 6275 3074 1550 4409 10604 9134 5655 10512 10477 6906 4783 7426 4018 9323 5769 8479 5620 7342 1063 1574 1121 
1 13 592 11076 11051 11054 8021 11103 9497 7097 8084 77 11299 5761 6559 
1 7 5761 5879 11338 4566 5961 1116 5174 
1 5 5961 5629 897 6333 8644 
1 6 897 11265 5323 7953 5582 8084 
1 7 5033 11195 3569 2605 11152 4378 11051 
1 2 8021 11023 
1 11 1435 12087 5819 12099 7950 8350 118 12102 2098 3975 12140 
1 3 7950 667 7221 
1 2 374 2183 
1 5 12140 4265 9045 734 8658 
1 5 8658 2081 2126 6031 12075 
1 11 8702 7027 9259 5171 1650 4972 5342 5143 766 7910 2360 
1 22 4265 12088 413 3920 569 11959 8337 2802 6249 2651 11821 4710 5481 11752 4112 8423 358 232 5452 2492 1397 11481 
1 14 11481 2890 11434 4861 11363 8322 215 6821 11263 11225 11181 8938 6411 6766 
1 12 3714 1000 438 11114 6157 11119 8814 9354 3274 8874 2882 11110 
1 9 11110 11130 1331 9090 11261 391 3251 11331 7944 
1 5 11261 3298 11269 6725 622 
1 6 11261 4461 6474 2307 3143 7784 
1 4 1331 5421 778 2811 
1 5 1331 9509 11180 2255 3224 
1 9 11103 11094 6905 3148 8871 1985 7498 8263 11384 
1 3 7498 6289 77 
1 5 11384 6500 947 11461 11466 
1 6 2360 12214 7435 12217 6225 5355 
1 6 5355 9578 1307 6200 8050 9538 
1 14 9538 3261 12189 5966 7264 1440 5288 6254 1963 12162 8979 7441 6098 6248 
1 30 3261 12161 4444 5303 2856 226 130 3667 11974 5289 8295 8312 2443 6752 11795 7889 1277 505 3576 11648 1671 5904 5243 11547 9035 4225 3299 47 3810 7944 
1 8 3299 11442 11426 229 7731 4469 1354 6671 
1 11 4861 11398 5903 11413 5162 250 7899 3005 4680 11404 3810 
1 8 7784 5444 6602 2402 7724 4396 9176 6671 
1 18 2882 2459 11022 2992 10951 10946 4434 6219 8984 11079 11093 7391 8131 11123 5024 11141 1366 5864 
1 4 5864 7650 11243 2402 
1 2 3251 8120 
1 2 6725 240 
1 3 3497 11169 778 
1 4 11532 11559 3846 114 
1 5 1774 11703 7364 6523 9476 
1 2 6207 11744 
1 5 5563 7750 499 11834 4031 
1 3 1180 11623 1011 
1 4 9245 3380 2954 800 
1 6 11664 692 655 7226 5049 828 
1 7 12087 1615 4122 3030 11972 5121 3011 
1 9 118 12073 6309 2398 3990 7820 11962 907 11972 
1 3 11949 8948 2448 
1 19 6208 2172 8831 4971 4890 2576 5059 5704 10755 8957 5319 6682 2414 8395 7701 10836 5080 2071 7001 
1 3 5080 10908 2791 
1 7 10908 10880 777 4211 10808 3663 8395 
1 6 4527 10937 8286 10899 10879 4890 
1 5 777 2643 8136 6927 4890 
1 4 8395 10746 6858 8827 
1 15 10746 9133 8544 5680 1219 1403 276 5878 10523 291 290 3928 5127 4064 9435 
1 5 9158 6496 9441 10728 5059 
1 10 8831 1379 4606 1267 2153 3112 386 3171 6211 2576 
1 7 3112 6926 10843 6161 10875 4743 10952 
1 4 4743 7354 534 2898 
1 5 2898 10903 10896 5383 9101 
1 3 754 7672 5558 
1 11 2898 785 5207 5025 8482 8774 9432 10686 10656 3788 6922 
1 9 6922 4623 6304 1525 2845 2729 8583 1412 49 
1 5 2414 7357 9537 8537 8544 
1 7 9537 5456 5257 9553 4326 7741 10523 
1 8 9553 5448 3177 10636 5242 5640 6068 8957 
1 17 9435 6421 10501 10514 8852 10545 3642 4379 10587 2573 5017 10630 2128 3809 10623 1665 3788 
1 8 8482 7419 2155 10790 2711 6236 5683 386 
1 8 3177 4900 5507 1533 9257 978 10568 3642 
1 9 6211 9234 10732 566 10682 983 1518 1814 9257 
1 10 5683 265 2167 6139 5129 7636 7205 7289 5984 983 
1 9 9101 10872 34 6849 2965 9418 1954 10868 4874 
1 6 5025 10809 651 10828 1159 10872 
1 6 9432 2110 2132 3137 9218 10809 
1 5 5127 3982 10460 1597 10402 
1 7 1219 2679 10566 7390 10570 831 10564 
1 15 4434 8109 974 7929 4083 9311 3075 4150 10870 4723 3772 4514 7345 847 5764 
1 6 7929 7739 4807 773 2027 6163 
1 4 67 2146 9324 2027 
1 14 7739 4214 5287 10772 6498 10719 10696 6010 7155 8970 5935 733 8008 3737 
1 5 10951 10913 4424 10799 4937 
1 4 974 10806 3105 4937 
1 21 4937 1962 10673 7785 4600 680 10814 2096 8913 8117 4558 8080 10923 7963 1029 9244 7303 11042 2808 3745 6157 
1 6 10951 433 8125 4617 10900 10923 
1 3 7963 10977 10989 
1 2 11012 9244 
1 9 4600 9380 9155 10745 5141 8449 1389 8063 10814 
1 6 1029 2480 2996 2599 3600 4590 
1 6 3714 239 11043 9115 6603 4590 
1 3 6603 2487 9244 
1 3 4590 7562 8449 
1 7 7562 1692 10917 3449 10933 3741 2028 
1 3 11000 10972 9115 
1 3 11062 1549 11000 
1 3 11000 10972 3449 
1 7 7824 3629 306 6664 862 3402 3893 
1 5 6664 10785 9271 9489 10933 
1 7 399 5554 10824 2574 10830 984 6664 
1 6 10824 8587 7112 689 7062 10765 
1 3 7046 10776 689 
1 8 9271 10829 3989 8732 277 6991 8731 2253 
1 19 11999 2203 7920 803 11908 8519 11867 1134 11824 5090 11767 17 5226 9230 9326 11619 6528 5302 11530 
1 4 11999 3087 8066 1929 
1 12 5599 12080 9378 5700 12017 103 11977 2896 1881 6028 11883 4719 
1 6 11094 1142 4748 3837 11156 3148 
1 4 4748 11041 311 11023 
1 15 11023 10953 1754 4663 8626 10837 7088 3908 5037 7776 10639 3340 10642 10617 8443 
1 14 10756 3324 10737 1578 6865 10749 10751 3753 1404 9493 5837 3941 5725 7776 
1 2 1578 7058 
1 6 4409 8122 1179 10712 10743 3753 
1 7 9134 930 3164 10628 42 5564 5837 
1 4 3164 5078 6536 10639 
1 7 9849 6017 5387 5392 998 7648 8910 
1 11 2847 9622 2680 9670 3076 7528 5739 5088 4760 2681 9849 
1 5 5088 2204 9761 7521 6657 
1 5 5088 9484 2299 2166 480 
1 3 1390 10735 8750 
1 2 10427 2518 
1 12 9849 9877 2581 9919 2589 9955 2358 28 1834 7175 6319 7902 
1 3 28 7905 6569 
1 7 2581 9490 6835 1054 1488 9979 8681 
1 25 2253 4236 8698 2272 3053 2686 5320 3638 10388 2297 7314 2447 1322 10286 7888 3077 9075 4826 1981 10155 9566 4299 8586 6155 7902 
1 3 2447 10330 3314 
1 19 3737 4517 10574 3421 10535 7310 4470 9459 4642 9369 3797 10389 4636 3766 8374 5073 1139 6119 7282 
1 3 7888 724 7282 
1 7 5764 2902 3083 6947 7261 11105 4399 
1 3 6963 4904 2398 
1 3 7615 6381 6309 
1 2 1311 12249 
1 2 3633 4515 
1 4 12209 650 5626 9382 
1 6 650 12235 7291 6684 12264 3234 
1 3 8185 7594 5807 
1 4 224 6192 12274 271 
1 4 271 12271 3664 698 
1 4 7070 1114 12164 595 
1 3 5416 2534 3262 
1 4 7858 299 8164 5121 
1 3 6605 344 7530 
1 3 7565 9224 3775 
1 2 11252 11282 
1 4 4620 8114 1667 6938 
1 3 11266 1257 2468 
1 2 2755 5612 
1 4 3353 7713 3358 5612 
1 7 3358 7860 8103 627 765 4949 3458 
1 4 4204 3323 443 1815 
1 3 8177 11200 8506 
1 2 8177 2972 
1 3 7487 4380 11226 
1 3 7429 11136 11111 
1 3 6830 2945 2972 
1 3 4333 1843 9280 
1 2 11273 2329 
1 2 894 11194 
1 2 8011 5335 
1 4 9205 4431 3848 11482 
1 4 390 5058 3338 9137 
1 2 1630 5770 
1 3 11819 6923 38 
1 2 8204 11859 
1 2 3822 4658 
1 4 4926 1039 6730 7347 
1 2 9567 6730 
1 3 5787 11773 5451 
1 2 5787 5755 
1 2 11773 2227 
1 2 6730 8842 
1 2 9408 6730 
1 2 6469 11464 
1 4 7772 11470 1169 11420 
1 2 8593 6695 
1 2 11937 4851 
1 4 4557 5871 11805 1952 
1 3 11957 33 326 
1 2 2577 1324 
1 3 4622 7800 588 
1 3 5971 7257 4540 
1 4 8816 7885 5686 9577 
1 3 106 12232 7113 
1 2 6566 7885 
1 3 12194 6531 7024 
1 2 6531 12223 
1 3 12223 12200 7361 
1 2 12079 3731 
1 2 3590 2476 
1 5 4044 1960 8441 4081 3802 
1 3 3790 5841 12167 
1 3 4661 8904 5726 
1 3 8382 2721 12104 
1 3 8573 6620 1705 
1 4 8719 11875 8679 7479 
1 2 11741 5338 
1 5 11741 1213 6741 11697 8267 
1 4 4626 1093 1213 6741 
1 2 1093 4346 
1 2 6741 11726 
1 7 2368 5002 7925 6802 11820 1735 3356 
1 3 427 6016 6326 
1 3 6326 6879 4579 
1 2 2822 9451 
1 2 6697 11734 
1 7 6697 1321 1715 116 11763 4959 11723 
1 4 4604 11817 7366 6631 
1 6 1845 5183 3608 11996 1662 11944 
1 4 11996 12011 8915 9013 
1 2 5183 7100 
1 4 11996 12016 7100 1682 
1 2 1062 8132 
1 6 11944 5343 6793 1571 9539 8132 
1 3 4493 1672 8132 
1 3 1489 12176 1078 
1 2 6793 11925 
1 4 3703 8682 5132 7766 
1 4 1075 7443 5195 7766 
1 3 11334 648 11279 
1 2 11332 1312 
1 2 6974 370 
1 4 6798 11197 11218 11249 
1 3 7570 6476 5823 
1 2 11333 6983 
1 2 3253 3128 
1 3 11300 5898 3128 
1 4 7736 3118 11509 8491 
1 4 5724 1319 7474 1069 
1 4 2648 4400 11450 3572 
1 4 11605 1360 11563 8609 
1 2 1238 12090 
1 3 6066 4448 12139 
1 2 3415 9356 
1 2 2943 7633 
1 3 7711 4700 11612 
1 2 4231 7322 
1 2 4739 4781 
1 2 6509 11525 
1 2 125 7904 
1 3 284 2046 11211 
1 2 5779 3048 
1 3 7293 4078 2455 
1 3 148 6093 3859 
1 2 11274 3859 
1 2 7162 3150 
1 3 6585 3985 11221 
1 3 6524 498 4694 
1 6 6585 11231 9122 11198 5996 9014 
1 2 9494 9425 
1 2 1306 7466 
1 3 5045 9173 11146 
1 3 11131 3270 6408 
1 3 2302 4428 3507 
1 2 11037 5888 
1 3 3061 11082 1215 
1 3 1215 2790 161 
1 6 161 5313 11007 1501 1248 5439 
1 4 4490 4643 3645 161 
1 3 4490 750 11082 
1 2 3767 11066 
5 9 660 8909 3983 9094 3564 4690 1560 8574 5905 
5 9 1560 8574 3473 2820 11052 3995 6360 6841 1015 
1 8 3039 9214 1476 6778 4487 9310 5055 8613 
1 5 8613 6372 11627 2240 4927 
1 2 4676 8069 
1 4 1125 9293 5163 11153 
1 2 3049 8796 
1 2 10765 4486 
1 2 6638 1390 
1 2 5249 612 
1 2 7968 183 
1 2 7645 5403 
1 2 7968 7726 
1 3 5460 1748 2885 
1 2 8193 4204 
1 7 1815 11064 6713 7379 2018 4137 1215 
1 3 6713 8988 4683 
1 2 11814 908 
1 4 3703 1103 5013 7337 
1 3 4191 9433 5020 
1 4 3064 5485 8715 3771 
1 3 8407 12095 4010 
1 2 7229 12182 
1 2 12169 6445 
1 2 3064 9011 
1 9 5887 5409 12108 979 6327 4567 8647 2514 6097 
1 3 5887 5865 1329 
1 2 12108 3927 
1 3 12171 8779 6012 
1 2 4810 6311 
1 3 5780 2319 4480 
1 2 7411 8061 
1 3 3518 7075 12009 
1 2 12029 4367 
1 4 1480 8799 6083 8000 
1 3 12008 3269 11983 
1 4 11954 2784 12003 2709 
1 6 5499 11396 767 2391 7105 2821 
1 3 11396 4816 11424 
1 4 8644 5033 6145 944 
1 13 944 7018 9005 921 6859 11253 7862 7159 11325 4688 11351 8358 2821 
1 7 1355 564 5875 6853 8812 11547 5243 
1 3 4297 1152 11404 
1 11 1355 1790 7706 11573 4058 5600 7214 2883 9019 8427 1397 
1 17 4112 8284 11731 1991 8096 7444 100 11771 1454 3396 4100 11837 2840 11825 3114 8899 6752 
1 13 4100 8802 3182 7804 5983 625 1482 8521 3019 7152 283 7138 12075 
1 17 8050 264 9270 4828 6512 964 7194 8559 12018 6579 7186 2539 11946 956 11932 3321 1482 
1 4 6248 7266 12118 2944 
1 9 6671 7936 6644 2375 6162 11543 11572 2023 11630 
1 4 5395 5202 6486 9176 
1 11 11141 6379 11168 187 6590 5116 1988 7304 7280 5198 4530 
1 4 5289 2851 5570 3724 
1 3 9557 11098 1000 
1 2 3165 11022 
1 2 4711 2882 
1 6 10799 899 755 2620 10865 10900 
1 3 3600 4855 6567 
1 3 1962 1689 2853 
1 3 9380 5134 10761 
1 6 7785 4805 7759 3219 6711 9155 
1 2 9380 3185 
1 4 6991 10633 8314 6711 
1 3 3989 7099 7757 
1 3 10830 10847 3743 
1 2 3629 6168 
1 2 5792 324 
1 3 9271 493 10861 
1 4 8349 10972 6887 7299 
1 2 3449 1218 
1 2 689 10734 
1 2 6424 10699 
1 3 10715 1503 7510 
1 3 6125 10640 8750 
1 2 5382 5916 
1 16 5467 2618 1334 4718 10473 5074 171 4125 8756 9225 1890 10502 8409 4237 10478 2686 
1 9 7282 10255 10258 203 4634 10271 4603 2175 8665 
1 7 4470 9347 9197 10490 7457 2824 9058 
1 9 10258 2692 3527 5153 5829 4808 4334 6562 6988 
1 7 6988 1811 8107 723 3010 2951 8681 
1 8 7902 5290 10114 10104 7940 9079 8406 723 
1 8 9289 7938 9942 2223 9972 5021 10009 6988 
1 8 8910 642 9861 9875 6930 9874 7301 9289 
1 11 3280 811 1464 10107 10105 4529 10119 345 917 2129 6155 
1 14 10286 1019 1252 2633 982 89 10313 8867 6047 10381 241 5050 3204 10388 
1 9 89 4406 10297 10303 6344 10287 10294 726 5825 
1 5 2518 7326 6518 5557 5825 
1 6 10427 5148 5561 10354 1249 10294 
1 9 10354 1185 10337 557 1674 5265 4990 1836 10381 
1 3 557 5584 10303 
1 7 4406 10279 6756 3514 9246 1640 8586 
1 7 3514 8453 10221 9421 7970 3782 10294 
1 3 7970 9142 8152 
1 2 1061 3280 
1 5 1640 3390 8331 10145 8101 
1 7 8101 9470 8152 7156 6313 5244 7843 
1 4 7843 8982 1757 5825 
1 8 6518 6990 7694 8865 1582 10375 3799 5424 
1 2 4451 3557 
1 8 1757 3557 10224 2453 913 1870 10309 3719 
1 9 5424 7393 9222 10360 9290 2359 9563 4362 10309 
1 4 1061 10192 1375 2453 
1 6 7843 8785 8661 10146 3595 1061 
1 8 1752 11091 2354 8528 11140 11157 32 7399 
1 3 8994 5663 7537 
1 3 8994 3121 8490 
1 27 1763 9184 10635 9163 7418 7417 5014 9057 10530 1635 5312 905 3189 10358 656 10301 10298 10284 10250 10227 7861 8930 376 1335 1127 2557 5670 
1 4 10358 4146 1998 1992 
1 6 7575 6273 1647 7136 3911 7451 
1 5 7451 6627 832 10444 2287 
1 9 7451 6627 10437 1663 7408 7311 441 7387 9117 
1 5 441 6452 6100 6078 2188 
1 6 300 2305 3210 6703 4562 6078 
1 5 7451 7125 6736 7459 300 
1 4 300 10398 8108 7237 
1 7 1992 5005 8608 10480 3139 2787 10635 
1 9 1127 9105 1484 4548 6206 5549 7621 5210 1574 
1 2 10123 1484 
1 3 4918 10143 7621 
1 9 9289 7029 4651 8906 3406 57 9726 949 9206 
1 6 2847 8691 2636 7604 9409 3798 
1 12 9877 9879 6846 9085 6364 5298 4205 393 3763 8776 9871 2325 
1 18 2325 6070 6981 9866 9536 7903 6818 3040 6315 1434 4272 8190 5981 9887 4786 5928 8552 9894 
1 3 3040 937 6027 
1 6 7211 1041 7927 6085 9827 7903 
1 3 811 2844 9238 
1 9 9887 9928 2900 9967 2408 10022 3510 8709 3280 
1 18 9894 3388 6268 9954 7581 4767 1990 90 141 600 6287 687 211 4526 8238 3529 2356 2563 
1 7 1681 9813 7222 1243 867 9909 211 
1 5 3719 888 9274 2445 94 
1 5 10270 4720 2579 3611 94 
1 17 10270 1713 6650 9031 4341 9108 2712 9508 6660 10080 2390 981 8368 9999 3762 7825 211 
1 5 2563 2049 2498 9975 5773 
1 11 3913 5970 9033 5667 1002 5019 6169 8365 1367 3652 5773 
1 11 8807 1045 1005 8106 561 9227 405 1900 4110 6417 1002 
1 17 49 6253 5682 214 8113 10276 7238 6194 6375 10185 2465 10130 8485 2176 7806 8475 1002 
1 3 3280 10117 1365 
1 6 1365 3432 2054 5619 10167 916 
1 9 916 10187 143 4687 8223 10246 6629 7818 94 
1 10 1061 7318 6758 7539 10209 9555 3244 10248 5433 9274 
1 2 10360 4188 
1 3 10635 1064 5788 
1 3 6626 10657 42 
1 6 3164 10548 1905 8946 5880 8443 
1 14 6206 515 6440 6891 5206 7473 5056 6267 988 6807 8486 8352 2384 10154 
1 4 8352 2070 10135 1484 
1 2 5056 2410 
1 6 8165 10003 1793 9048 8471 6440 
1 5 2410 4276 1236 933 7042 
1 9 1121 5843 10082 8767 3943 7469 3371 5574 8993 
1 4 6440 3491 2739 8767 
1 13 8767 6441 6450 3812 5534 4727 9145 3033 3465 997 819 10191 10217 
1 15 10217 5469 176 4016 3895 2987 10395 10440 2556 10441 5616 2799 169 9333 5880 
1 5 10548 8791 5765 10516 2799 
1 4 10512 3686 8648 10548 
1 5 6906 1007 10461 314 8791 
1 2 7426 10405 
1 3 3682 9579 2987 
1 3 7054 3925 2987 
1 3 5765 6805 1657 
1 2 8946 6335 
1 2 10639 2659 
1 2 1113 930 
1 2 3639 8122 
1 3 4506 5245 7776 
1 3 3686 191 10493 
1 9 5769 4162 5810 9307 7808 1716 6186 73 10236 
1 2 3037 7808 
1 6 1716 4270 5866 8697 1046 10217 
1 6 4162 7243 5586 2981 1938 10461 
1 8 9307 2591 10329 6380 6670 8553 8168 8791 
1 4 9307 1192 1629 176 
1 3 1629 10273 8293 
1 2 1046 7242 
1 2 4727 5079 
1 3 3033 5271 8033 
1 4 3257 7836 4184 5843 
1 4 3371 751 3360 1402 
1 3 1635 5048 8664 
1 3 10530 8105 10578 
1 3 3658 4809 656 
1 4 5800 2032 2355 10358 
1 7 7042 5012 8965 9844 5820 6751 6137 
1 18 3913 855 632 8009 5077 2066 2150 7984 4483 1155 10211 5361 5793 2611 2313 5110 8163 3658 
1 2 7953 8771 
1 2 7953 11280 
1 4 7953 4757 9574 4378 
1 3 9574 4668 9497 
1 3 4668 11126 5192 
1 2 8263 3571 
1 2 11054 5089 
1 2 4293 4376 
1 2 1142 7540 
1 5 8263 8717 11293 8330 7414 
1 2 1754 3584 
1 2 4293 10953 
1 2 897 3632 
1 2 11338 877 
1 3 11153 695 1453 
1 3 11153 11166 11186 
1 2 9305 4598 
1 2 6692 1340 
1 5 10587 5872 4209 792 935 
1 2 4209 2064 
1 2 935 2303 
1 7 792 10541 711 6842 2825 3278 49 
1 3 10630 1747 848 
1 3 10732 5108 10741 
1 3 10957 263 2153 
1 2 263 5592 
1 2 4477 535 
1 3 952 10945 9263 
1 3 8827 3735 10786 
1 2 2071 6297 
1 2 1748 4309 
1 2 4176 4312 
1 2 1748 1490 
1 2 1912 3801 
1 3 1167 2346 5413 
1 3 3742 3237 3774 
1 3 8920 7962 7189 
1 2 10722 540 
1 9 5528 6503 12034 5587 8100 764 834 1812 3351 
1 7 3351 3160 8234 11787 11761 9192 3960 
1 7 3960 11679 1483 3720 3900 8696 4811 
1 9 3900 11597 11575 7774 11540 2623 11537 629 8674 
1 10 4833 11755 1111 8555 1104 7275 1743 11853 2609 3351 
1 11 5700 12038 6110 4337 407 11997 11984 2998 11963 2804 764 
1 3 7354 2858 7592 
1 3 7354 10906 843 
1 3 10809 5213 2522 
1 3 2110 253 10671 
1 4 2633 4538 1554 10353 
1 3 5825 4746 7589 
1 4 5467 3016 10479 2518 
1 2 10479 4138 
1 2 2518 8378 
1 3 1185 8615 6874 
1 3 5825 10295 2365 
1 3 9421 5658 10186 
1 2 9421 8279 
1 3 4406 8522 4978 
1 3 724 7313 10220 
1 2 10330 4197 
1 3 10388 4521 4919 
1 7 2586 10867 10846 4319 10765 10699 3991 
1 2 5916 3991 
1 7 5467 50 7034 6431 10583 10605 5382 
1 15 7088 8898 2157 10822 6897 10850 10881 5973 3579 7165 26 285 10996 7620 11051 
1 2 285 9316 
1 7 1404 6594 5777 8855 9348 7339 5973 
1 4 8158 12120 1825 7995 
1 2 7995 9207 
1 2 4044 12200 
1 3 9011 6140 8564 
1 12 8564 12216 7748 5710 12226 12227 5735 2371 2266 2479 3855 12171 
1 2 6445 7748 
1 2 12182 5735 
1 2 9219 5976 
1 2 7819 2615 
1 2 416 12139 
1 2 7887 7847 
1 4 3771 1522 12077 7337 
1 2 3504 12169 
1 2 2710 1649 
1 2 5889 2086 
1 2 8321 7838 
1 2 3764 7466 
1 3 3323 10984 4264 
1 3 4264 1344 2018 
1 2 3472 226 
1 5 5903 11436 8641 1543 7214 
1 9 11141 11122 11104 280 1666 3615 10947 2761 8109 
1 2 10947 3831 
1 2 837 11261 
1 4 11012 4349 821 9557 
1 5 11110 2170 11078 6932 11079 
1 6 2802 7788 2914 6828 6721 3990 
1 2 3105 10799 
1 2 974 5500 
1 3 899 7607 2524 
1 5 6991 247 4857 4880 10654 
1 3 3893 10678 10654 
1 7 10654 6210 8150 1478 5566 10619 2208 
1 2 3219 8314 
1 3 9462 10873 612 
1 3 10899 2671 10930 
1 3 8957 987 10798 
1 3 10836 703 7104 
1 3 8537 1433 10596 
1 3 9537 9183 8438 
1 4 10623 1645 5246 4317 
1 3 5320 6993 3204 
1 6 1674 1269 492 10445 4624 5074 
1 2 4138 2518 
1 4 1757 2198 5067 4451 
1 2 10104 892 
1 3 9238 6073 8709 
1 4 6629 2334 10282 2579 
1 8 4194 10783 461 4202 6247 10777 10760 3840 
1 7 4194 1201 1342 10820 699 10813 4850 
1 7 6145 3015 6276 4950 6331 11089 592 
1 3 4950 4330 4108 
1 3 9497 108 3787 
1 2 3148 6397 
1 2 10405 2981 
1 2 1121 10236 
1 3 5670 2205 8934 
1 7 7575 9400 54 1473 4033 2889 8934 
1 4 9134 4207 2693 2188 
1 7 1 7614 8922 2920 4907 9945 1402 
5 2 6360 5612 
2 2 6360 6766 
5 2 6360 3978 
